07690;80
61972;83
07117;85
07190;85
07460;85
61980;86
07481;88
81405;89
07535;90
61970;90
61998;91
07015;92
07240;92
07558;92
07591;92
07650;92
07005;93
07027;93
07181;93
07255;93
07314;93
07607;93
07747;93
07130;94
07149;94
07207;94
07222;94
07630;94
07761;94
07790;94
61976;94
78922;94
78925;94
07020;95
07110;96
07139;96
07299;96
07335;96
07434;96
07471;96
07577;96
07621;96
07661;96
67005;96
78897;96
81401;96
81408;96
07168;97
07280;97
07510;97
07643;97
61997;97
07627;98
61968;98
07037;99
61996;99
71805;99
81415;99
